58
2
2256
10	12
4	5
1
2264
16	23
9	13
1
2989
2	4
2	3
0
2989
2	13	
2	11
0
2989
4	13	
3	10
0
5408
1	16	
1	7
1
6181
1	15	
1	6
0
6905
2	3	
2	3
0
8141
12	16	
9	12
1
8224
1	4	
1	4
1
8588
2	4	
2	4
1
8856
9	21	
6	11
0
11187
13	23	
7	12
0
11473
2	3	
2	3
0
11827
4	10	
3	6
0
13125
3	5	
2	4
0
13229
5	13	
5	8
0
13229
5	14	
5	8
0
13229
13	14	
8	9
1
13359
12	13	
6	7
0
13637
13	15	
8	10
0
14599
8	14	
4	9
1
14723
9	12	
4	5
1
14725
1	6	
1	5
1
15365
6	7	
3	4
1
15519	
1	3	
1	3
1
15988	
8	21	
5	12
0
19537	
2	9	
2	6
0
20831	
3	18	
2	10
1
21061	
1	13	
1	9
1
21148	
3	8	
3	6
1
23105	
1	2	
1	2
0
23105	
1	8	
1	6
0
23105	
2	8	
2	6
0
23632	
21	26	
8	10
1
24336	
1	2	
1	2
0
24733	
2	8	
2	5
0
26456	
1	2	
1	2
0
26505	
7	9	
3	4
1
27935
1	3	
1	3
1
28535
8	10	
4	5
0
29062
1	6	
1	5
1
29978
1	7	
1	4
0
31822
1	19	
1	13
1
33649	
4	28	
3	11
1
33824
14	15	
7	8
1
36360
1	3	
1	3
1
36766
8	10	
5	7
1
39827
1	12	
1	8
0
42841
1	6	
1	4
0
44613
1	7	
1	5
0
44845
4	7	
3	4
1
47055
3	11	
2	4
1
50716
6	22	
5	14
1
52061
3	4	
3	4
0
57069
2	16	
2	5
1
57401
2	3	
2	3
0
58463
13	18	
6	8
1
